[Calibration]
x=0.03219505
y=-0.06622181
z=-0.06298007
rx=4.360163
ry=2.970286
rz=5.116453
fov=40.63228
indexController=LHR-FFFFF941
