[Calibration]
x=-0.2166734
y=-0.1612207
z=0.008288212
rx=357.9935
ry=5.753352
rz=359.645
fov=42.83768
indexController=LHR-FFFFF941
